% B=zeros(988,1074);
% data2=[dat2,B];
B=zeros(3488,3);
dat001=[data001,B];
C=zeros(3488,63);
dat005=[data005,C];